0.51694 0.893333 1 0.1 0.111111 0.222222 0.125 1 0.484153 0.506667 0.571429 0.9 0.777778 0.444444 0.875 0.1 0.951913 1 0.714286 0.2 0.666667 0.888889 1 0.3 0.234973 0.64 0.428571 0.2 1 0.111111 0.75 0.8 0 0.72 0.571429 0.2 0.555556 0.444444 0.875 0.8 0.00437158 0.76 1 0.5 0.444444 0.555556 0.625 0.2 0.689617 0.6 0.571429 1 0.444444 1 0.625 0.3 1 0 0.142857 0.3 0.777778 0.111111 1 0.8 0.757377 0.133333 1 0.4 0.555556 0.444444 0.125 0.8 0.79235 0.853333 0.571429 1 0.666667 0.666667 0.75 0.9 
0.978628 0.282353 1 0.666667 0.2 1 0.777778 0.5 0.0168729 0.729412 0.6 0.833333 0.6 0.666667 0.888889 0.375 0.362205 0.635294 0.7 0.333333 0.3 1 0.222222 0.25 1 0 0.8 0.833333 1 1 1 0.5 0 1 0.7 0.166667 0.1 0.111111 0.333333 0.875 0.928009 1 0.6 1 0.9 0.111111 0.111111 0.75 0.665917 0.447059 0.1 0.166667 0.2 0.777778 0.888889 0.125 0.0168729 0.164706 0.3 0.166667 0.1 0.555556 0.111111 0.25 0.399325 0.188235 0.2 0.5 0.8 0.666667 0.555556 1 0.644544 0.752941 0.2 0.333333 0.4 0.333333 0.555556 0.125 
0.324324 0.322581 0.1 0.9 0.3 0.444444 1 0.5 0.66967 0.72043 1 0.8 0.4 0.666667 0.555556 0.25 0.704705 0.215054 0.7 0.5 0.5 0.111111 0.888889 0.125 0.694695 0.537634 0.2 0.1 0.3 0.333333 0.111111 0.5 0.451451 0.387097 0.6 0.7 0.6 0.555556 0.333333 0.625 0.0650651 0.989247 0.9 1 1 1 0.555556 1 0.965966 0.924731 0.6 0.1 0.8 0.777778 0.333333 0.625 0 0.0430108 0.2 0.3 0.1 0.888889 1 1 1 0 0.2 0.3 0.1 0.666667 0.111111 0.625 0.276276 1 0.4 0.4 0.8 0.555556 0.444444 0.375 
0.936776 0.32967 0.625 0.5 1 0.666667 0.142857 0.111111 0.956797 0.582418 0.25 0.2 0.571429 0.111111 0.428571 0.888889 0.943098 0.153846 0.5 0.5 0.142857 0.444444 0.142857 0.444444 0.5353 0.582418 0.125 0.1 0.142857 0.222222 0.714286 0.555556 0 0 0.875 0.1 0.428571 0.111111 0.714286 0.777778 0.880927 0.285714 0.375 0.7 0.285714 1 0.571429 0.222222 1 0.0549451 0.25 0.5 0.285714 0.444444 0.142857 0.444444 0.897787 0.318681 0.75 0.7 0.285714 0.777778 0.142857 0.888889 0.0158061 1 0.875 0.1 0.285714 0.666667 0.428571 0.111111 0.419389 1 1 1 0.285714 1 1 1 
0.121212 0.617647 0.5 1 0.75 0.875 0.1 0.888889 0 0.720588 1 0.111111 0.125 0.375 0.2 0.777778 0.399551 0.808824 0.1 0.333333 0.75 1 0.1 0.222222 0.503928 0.161765 0.4 0.444444 0.5 1 0.5 1 0.309764 0 0.8 1 0.5 0.5 0.6 0.666667 0.491582 0.235294 0.6 0.111111 0.75 0.625 0.4 0.444444 0.840629 0.661765 0.7 1 0.5 0.125 0.6 0.111111 0.943883 0.279412 0.1 1 0.5 0.75 1 0.444444 0.224467 1 0.1 0.555556 0.25 0.375 0.6 0.555556 1 0.147059 0.7 0.555556 1 1 0.2 0.444444 
0.382729 0.0641026 0.666667 0.333333 1 1 0.444444 0.444444 0.43177 0.384615 0.333333 0.444444 0.7 0.6 0.222222 1 0.837953 0.897436 0.666667 0.222222 0.2 0.8 0.111111 0.555556 0.331557 0.205128 0.888889 0.111111 0.1 0.9 0.777778 1 1 1 0.333333 0.444444 0.3 0.6 1 0.111111 0.591684 0.423077 0.222222 0.777778 0.8 0.3 0.666667 0.888889 0 0.371795 0.111111 0.444444 0.9 0.8 0.555556 0.444444 0.512793 0.230769 1 1 0.5 0.1 0.666667 1 0.934968 0.730769 0.333333 0.222222 0.7 1 0.888889 0.555556 0.865672 0 0.333333 0.555556 0.3 0.4 0.111111 0.222222 
0.627139 0.583333 0.777778 1 0.125 0.5 0.5 0.166667 1 0.559524 0.333333 0.5 1 0.8 1 0.5 0.400978 0.214286 0.555556 0.2 0.875 0.1 0.9 0.666667 0.643032 0.166667 0.111111 0.2 0.375 0.6 0.5 0.166667 0.5978 0.607143 0.777778 0.9 0.875 1 0.4 1 0.930318 1 1 0.9 1 0.7 0.7 0.166667 0.622249 0.714286 0.444444 0.3 0.75 0.8 0.1 0.666667 0.621027 0.607143 1 0.9 1 0.8 0.3 0.5 0.123472 0.178571 0.888889 0.1 0.625 1 0.5 0.833333 0 0 0.333333 0.2 0.625 1 0.7 0.166667 
0 0.393258 0.555556 0.666667 0.375 0.111111 0.888889 0.2 0.603583 0.494382 0.111111 1 0.125 0.222222 0.333333 0.3 0.773796 0.0449438 0.666667 0.777778 0.25 0.777778 1 0.1 0.513998 0.988764 0.444444 1 0.625 1 1 0.7 0.884658 0 0.222222 0.777778 0.625 0.444444 0.777778 1 0.56215 1 1 0.111111 0.375 0.555556 0.111111 0.7 0.00111982 0.213483 0.444444 0.888889 0.375 0.666667 1 1 0.957447 0.853933 0.222222 0.111111 0.5 0.444444 1 0.4 0.534155 0.617978 0.111111 0.666667 1 0.777778 0.666667 0.1 1 0.730337 1 0.666667 0.125 0.111111 1 0.7 
0.542714 0.5 0.571429 0.333333 1 1 0.1 1 0.887772 0.0888889 0.714286 1 0.111111 0.375 0.4 0.125 0.249581 0 0.428571 0.333333 0.888889 0.75 0.3 0.75 0.775544 0.911111 0.142857 1 1 0.125 1 0.875 0.21943 0.877778 1 0.444444 0.111111 0.75 0.5 0.375 0.00670017 0.0666667 0.142857 0.111111 0.222222 0.25 1 0.625 0.0502513 0.511111 0.428571 0.222222 0.222222 0.5 0.9 0.625 0.554439 0.277778 0.428571 0.222222 0.555556 0.25 0.9 0.75 0 1 0.714286 0.777778 0.777778 0.375 1 0.875 1 0.766667 0.428571 0.222222 0.111111 0.875 0.2 0.25 
0 0 0.9 0.5 0.75 0.444444 0.125 0.111111 0.0510949 0.976471 0.5 0.2 1 1 0.25 0.555556 0.750608 0.729412 0.2 0.6 0.375 1 1 0.444444 0.053528 0.0588235 0.1 0.7 0.875 0.111111 0.625 0.444444 0.655718 0.105882 0.3 0.2 0.5 0.555556 0.375 1 0.248175 0.494118 0.8 1 0.75 1 1 0.666667 0.543796 1 0.4 0.5 0.625 0.777778 0.625 0.222222 0.110706 0.788235 0.5 0.3 0.625 0.666667 0.375 1 1 0.270588 0.4 0.1 0.125 0.555556 0.25 0.333333 0.517032 0.376471 1 0.9 0.125 0.888889 0.25 1 
