551 80 0 9 9 7 8 0 521 51 3 1 3 5 2 9 949 88 2 8 4 1 1 7 293 61 4 8 1 8 3 2 78 67 3 8 5 5 2 2 82 70 0 5 6 4 4 8 709 58 3 0 6 0 4 7 993 13 6 7 3 8 1 2 771 23 0 6 5 5 8 2 803 77 3 0 4 3 3 1 
911 31 0 6 8 1 2 6 56 69 4 5 4 4 1 7 363 61 3 8 7 1 7 8 930 7 2 5 0 1 0 6 41 92 3 9 9 9 6 3 866 92 4 4 1 9 8 4 633 45 9 9 8 3 1 9 56 21 7 9 9 5 8 8 396 23 8 7 2 4 4 2 614 71 8 8 6 7 4 9 
324 34 9 1 7 6 0 5 669 71 0 2 6 4 4 7 704 24 3 5 5 9 1 8 694 54 8 9 7 7 8 5 451 40 4 3 4 5 6 4 65 96 1 0 0 1 4 1 965 90 4 9 2 3 6 4 0 8 8 7 9 2 0 1 999 4 8 7 9 4 8 4 276 97 6 6 2 5 5 6 
914 38 5 5 3 4 7 8 933 61 8 8 6 9 5 1 920 22 6 5 9 6 7 5 533 61 9 9 9 8 3 4 25 8 3 9 7 9 3 2 861 34 7 3 8 1 4 7 974 13 8 5 8 6 7 5 877 37 4 3 8 3 7 1 40 99 3 9 8 4 5 8 423 99 2 0 8 1 1 0 
120 54 5 1 2 1 9 2 12 61 0 9 7 5 8 3 368 67 9 7 2 0 9 8 461 23 6 6 4 0 5 1 288 12 2 1 4 4 4 4 450 28 4 9 2 3 6 6 761 57 3 1 4 7 4 9 853 31 9 1 4 2 0 6 212 80 9 5 6 5 4 5 903 22 3 5 0 0 8 6 
402 9 3 7 0 0 5 5 448 34 6 6 3 4 7 0 829 74 3 8 8 2 8 4 354 20 1 9 9 1 2 0 981 82 6 6 7 4 0 8 598 37 7 3 2 7 3 1 43 33 8 6 1 2 4 5 524 22 0 1 5 9 3 0 920 61 6 8 3 0 1 4 855 4 6 5 7 6 8 7 
565 53 3 0 8 5 5 8 870 51 7 5 1 2 0 6 380 22 5 8 2 9 1 5 578 18 9 8 6 4 5 8 541 55 3 1 2 0 6 3 813 88 1 1 1 3 3 8 561 64 6 7 3 2 9 5 560 55 1 1 1 2 7 6 153 19 2 9 4 0 5 4 52 4 7 8 4 0 3 8 
95 43 4 3 6 8 2 8 634 52 8 0 8 7 7 7 786 12 3 2 7 2 1 9 554 96 5 0 4 0 1 3 885 8 7 2 4 5 3 0 597 97 0 8 6 4 9 3 96 27 5 1 6 3 1 0 950 84 7 8 5 5 1 6 572 63 8 3 1 2 4 9 988 73 0 3 8 8 1 3 
707 48 6 7 0 2 9 0 913 11 5 1 8 7 6 7 532 3 7 7 1 4 7 2 846 85 9 1 0 9 0 1 514 82 3 6 8 4 5 5 387 9 9 9 7 8 0 3 413 49 7 8 7 6 1 3 714 28 7 8 4 8 1 2 383 93 5 3 2 7 0 1 980 72 7 8 8 3 8 6 
63 8 1 5 3 5 9 9 105 91 5 8 1 0 8 5 680 70 8 4 6 0 2 6 107 13 9 3 2 8 5 6 602 17 7 8 5 4 7 1 267 50 2 0 3 0 2 4 510 93 6 5 4 2 5 8 154 75 5 7 4 3 7 1 885 31 6 9 8 4 8 7 488 40 0 1 8 1 8 1 
